0.4000000000000001
0.125
0.4000000000000001
0.255
0.4000000000000001
0.5
0.5
0.17045454545454544
0.35
0.3
-0.25
0.4000000000000001
0.29041666666666666
-0.25
0.5
-0.25
0.4000000000000001
-0.125
0.4000000000000001
0.5
-0.25
0.5
0.375
0.4000000000000001
0.25
-0.5
0.5
0.5
0.4000000000000001
-0.25
-0.25
0.5
0.26666666666666666
-0.125
0.5
0.5
0.4000000000000001
0.2
-0.125
-0.125
0.125
0.5
0.4000000000000001
-0.5
0.5
-0.25
-0.25
0.5
0.5
0.4375
0.13636363636363635
0.5533333333333333
0.5
0.3
0.5
0.6
0.24545454545454548
0.2
0.35
0.5
-0.25
-0.25
-0.25
0.5
0.21696428571428572
-0.25
-0.25
-0.25
-0.25
-0.25
0.4000000000000001
0.4000000000000001
-0.25
-0.25
-0.25
-0.2
-0.25
-0.25
0.35
-0.25
-0.25
0.5
-0.2
-0.6
-0.2
-0.25
-0.2
-0.2
-0.25
-0.2
-0.125
-0.25
-0.25
0.13636363636363635
0.25
-0.25
-0.25
-0.25
0.0
0.4000000000000001
0.5
-0.5
-0.25
-0.2
0.0
-0.2
-0.2
-0.25
-0.25
-0.25
0.375
-0.25
-0.25
-0.2
-0.2
-0.25
-0.2
0.5
0.13636363636363635
-0.2
0.5
0.5
0.0
-0.125
-0.125
0.0
-0.2
-0.2
-0.25
-0.2
-0.25
0.4000000000000001
0.5
0.5
-0.125
0.35
-0.25
-0.2
-0.125
0.5
-0.2
-0.2
-0.25
0.5
-0.25
-0.3
-0.25
-0.125
0.42767857142857146
0.36666666666666664
0.5
0.13636363636363635
-0.25
-0.2
-0.25
-0.2
0.5
-0.125
-0.25
-0.125
-0.25
0.5
-0.05
-0.25
0.4000000000000001
0.5
-0.2
-0.2
0.5
0.36666666666666664
0.5
-0.25
-0.125
0.2
0.9099999999999999
0.65
-0.275
-0.275
0.3055555555555556
0.855
-0.25
-0.2
0.0
-0.25
-0.25
0.8
-0.2
-0.25
0.5
0.4000000000000001
-0.275
0.5
-0.25
-0.125
0.17045454545454544
0.6
-0.2
-0.125
0.7
-0.04999999999999999
-0.2
0.5
0.4000000000000001
-0.25
-0.25
-0.8
-0.25
-0.25
0.17045454545454544
0.36666666666666664
-0.25
-0.2
-0.25
0.4000000000000001
-0.25
0.4000000000000001
-0.4
0.36666666666666664
0.13636363636363635
0.4000000000000001
-0.125
-0.25
0.5
-0.25
0.35
0.35
-0.275
-0.25
-0.2
0.1
0.6
-0.25
-0.2
0.0
-0.125
-0.2
-0.125
-0.25
-0.25
-0.2
-0.25
0.35000000000000003
0.375
0.0
0.13636363636363635
0.35
-0.4
-0.25
0.35000000000000003
0.0
-0.25
0.8
-0.25
-0.25
0.5
0.7
0.65
-0.125
0.5
0.375
0.4000000000000001
0.5
-0.125
-0.125
0.5
0.41666666666666663
-0.25
-1.0
0.5
0.2857142857142857
0.5
0.0
-0.125
-0.25
0.5
-0.25
-0.2857142857142857
0.4000000000000001
-0.125
-0.25
0.36666666666666664
0.36666666666666664
0.08750000000000001
0.36666666666666664
0.5
0.0
-1.0
0.375
0.35
0.4
-0.25
0.5
0.65
-0.125
-0.033333333333333326
-0.2
0.3
0.4000000000000001
0.5
0.4000000000000001
0.41666666666666663
0.36666666666666664
0.5
0.21696428571428572
0.36666666666666664
-0.1
-0.2
-0.25
0.4000000000000001
0.2
0.4000000000000001
-0.125
-0.25
0.13636363636363635
0.5
-0.25
0.4000000000000001
0.3
0.13636363636363635
0.36666666666666664
-0.125
0.5
0.0
0.13636363636363635
1.0
-0.25
0.2
0.5
0.0
0.35
0.5
0.4000000000000001
0.30000000000000004
-0.2
0.08750000000000001
0.30000000000000004
0.2
0.375
0.08333333333333333
-0.7666666666666666
0.5
-0.125
-1.0
0.5
0.375
-0.7666666666666666
0.17045454545454544
-0.7666666666666666
0.7
0.5
0.5
-0.25
-0.125
0.7750000000000001
0.5
0.375
-0.125
0.7
-0.25
-0.2
-0.3333333333333333
0.8
0.8
0.8
0.8
0.8
0.8
0.8
-1.0
0.8
0.8
-0.7666666666666666
-0.25
0.8
0.8
0.8
-0.3333333333333333
0.5
0.8
0.8
0.5
-0.7666666666666666
-0.3333333333333333
-0.7666666666666666
0.8
0.8
0.8
0.8
0.8
0.8
0.30000000000000004
-0.3333333333333333
0.25
0.4000000000000001
0.8
0.8
-0.3333333333333333
-0.3333333333333333
0.4000000000000001
-0.3333333333333333
0.8
0.8
0.4000000000000001
-0.3333333333333333
0.5
-0.3333333333333333
0.7
0.8
-0.3333333333333333
0.8
0.8
0.8
-0.25
-0.125
-0.25
-0.3333333333333333
0.8
0.8
-0.3333333333333333
0.8
-0.125
0.8
0.8
-0.3333333333333333
0.26666666666666666
0.0
-1.0
-0.4
0.8
0.4
0.4
0.1
0.4
0.36666666666666664
0.26666666666666666
-0.3333333333333333
0.4
0.35
0.5
0.4
0.2
-0.125
1.0
0.4
0.5
0.8
